,292,295,298,304,305,306,308,309,316,322,331,337,338,344,349,361,363,367,369,375,376,377,378,379,380,387,388,389,391,394,397,398,410,414,416,421,422,426,430,436,437,438,439,442,443,444,445,447,448,450,451,454,455,460,465,472,475,478,484,485,487,490,492,493,494,496,497,498,499,500,501,503,505,507,508,510,511,513,514,517,520,521,523,525,526,529,531,533,536,537,539,541,542,543,544,546,550,553,556,557,558,559,560,561,563,565,566,568,569,573,578,580,583,586,591,594,596,597,599,601,604,605,606,607,611,613,614,615,619,620,623,625,626,627,628,638,639,642,646,664
292,1.0000000000332587,0.1501489614300009,0.0,0.0,0.0,0.0,0.0,0.0,0.0,0.0,0.0,0.0,0.0,0.0,0.0,0.0,0.0,0.0,0.0,0.0,0.0,0.0,0.0,0.0,0.0,0.3765728213745944,0.0,0.0,0.0,0.0,0.0,0.45496041107528534,0.0,0.0,0.0,0.0,0.0,0.0,0.0,0.0,0.0,0.0,0.0,0.0,0.0,0.0,0.0,0.0,0.0,0.0,0.0,0.0,0.0,0.0,0.0,0.0,0.0,0.0,0.0,0.0,0.2957924836093071,0.0,0.6017953835482645,0.3081254386023147,0.0,0.0,0.0,0.0,0.0,0.0,0.42395477859303443,0.0,0.0,0.0,0.0,0.0,0.0,0.0,0.3081254386023147,0.0,0.0,0.0,0.8239481209639773,0.0,0.0,0.0,0.0,0.0,0.0,0.0,0.0,0.0,0.46903777780480727,0.512117330547693,0.0,0.0,0.0,0.0,0.0,0.0,0.0,0.5167115424040314,0.0,0.0,0.0,0.0,0.0,0.0,0.0,0.0,0.0,0.0,0.0,0.0,0.0,0.0,0.0,0.0,0.0,0.0,0.0,0.0,0.0,0.0,0.0,0.0,0.0,0.0,0.0,0.0,0.0,0.0,0.0,0.0,0.0,0.0,0.0,0.0,0.0,0.0
295,0.1501489614300009,1.0000000000038256,0.6076541813629506,0.5336873500100493,0.0,0.0,0.11704954111353959,0.0,0.0,0.0,-0.04429575521297696,-0.1834701783032005,-0.06448115181362798,0.0,0.0,0.0,-0.26061354459675495,0.039072592722205854,0.0,0.0,0.0,0.39589973234892656,0.0,0.1501489614300009,0.0037280918633470312,0.5567138025575861,0.09202337018604324,-0.05806026144297798,0.0,0.32986105926641424,0.04395494882232245,0.5169484740977182,0.0,0.0,0.0,0.14112170541766433,0.0,0.0,0.36691221197462665,0.0,0.10404810313253769,0.22275336949567884,-0.17308937756238887,0.0,0.0,0.14112170541766433,-0.015375001905734122,0.0,0.0,0.0,0.0,0.0,0.32620084054819054,0.0,0.0,0.0,0.0,0.014370050132026252,0.10404810313253769,0.29386701053951086,0.6913314353586419,0.0,0.41936361572910785,0.6737218548075312,0.0,-0.09543065677955619,0.0,0.21095719410824287,0.0,0.0,0.6196383625706716,-0.045335583120807044,0.0,0.05853789675168367,0.0,0.0,0.0,0.0,0.6737218548075312,0.0,0.0,0.09581638738967009,0.32620084054819054,0.026929657955601462,-0.23335535857928358,0.0,0.0,0.0,0.4740125480361384,0.0,0.21512447184035366,-0.28733636386255273,0.7087006950319107,0.0,0.5297713715400689,0.0682894993674317,-0.06531524126082315,0.21512447184035366,0.0,0.0,0.2389155863670936,0.1916477011077817,0.0,0.0,0.0,0.0,0.0,0.21512447184035366,0.21512447184035366,0.0,0.10404810313253769,0.2965494698960573,0.0,0.32620084054819054,0.32620084054819054,0.21512447184035366,0.3399485660970092,0.0,0.0,0.2610898263786605,0.0,0.0,-0.025902917688105057,0.10404810313253769,0.0,-0.1181046342829268,0.0,0.0,0.014370050132026252,0.0,0.0,-0.21688612238477523,0.0,0.0,0.0,0.0,0.0,0.0,0.0,0.10404810313253769
298,0.0,0.6076541813629506,1.000000000008518,0.6186610770394531,0.0,0.0,0.20359076701435858,0.0,0.0,0.0,-0.08016368617135049,-0.0062169418012135436,0.0,0.0,0.0,0.0,-0.13212287455603144,0.24969162531183145,0.0,0.0,0.0,0.0,0.0,0.0,0.10285665283889735,0.5779899070359557,0.02099719077634257,0.15255877114657107,0.0,0.0,0.0,0.0,0.0,0.0,0.0,0.0,0.0,0.0,0.2249890827216365,0.0,0.3146671357221939,0.45725256420629995,0.06384777335294432,0.0,0.0,0.0,-0.023493107971536704,0.0,0.0,0.0,0.0,0.0,0.0,0.0,0.0,0.0,0.0,0.0,0.0,0.3607679940196724,0.8789621739848267,0.0,0.5955702821223925,0.9019362768641103,0.0,0.014712097916734028,0.0,0.3988244428438441,0.0,0.0,0.6507149989528398,0.0,0.0,0.08279934350359185,0.0,0.0,0.0,0.0,0.9019362768641103,0.0,0.0,0.0,0.0,0.0,-0.1695571548421446,0.0,0.0,0.0,0.2249890827216365,0.0,0.42574350443004044,0.0,0.7199114917538803,0.0,0.5531281301942333,0.0,0.0,0.0,0.0,0.0,0.09215233026161344,-0.037436622514089204,0.0,0.0,0.0,0.0,0.0,0.0,0.0,0.0,0.0,0.0,0.0,0.5368198731378927,0.0,0.0,0.4789427228877828,0.0,0.0,0.0,0.0,0.0,0.18471611490147463,0.0,0.0,0.09251439830654576,0.0,0.0,0.0,0.0,0.0,0.0,0.0,0.0,0.0,0.0,0.0,0.0,0.0,0.0
304,0.0,0.5336873500100493,0.6186610770394531,1.0000000000101827,0.0,0.0,0.0,0.0,0.0,0.0,0.0,0.0,0.24001860252105933,0.0,0.0,0.0,-0.09184990673593951,0.0,0.0,0.0,0.0,0.0,0.0,0.0,0.0,0.33084589859723185,0.2880303160894176,0.0,0.0,0.49908791931695146,0.17888822442416552,0.0,0.0,0.0,0.0,0.2652620505418009,0.0,0.0,0.6266201751478742,0.0,0.0,0.5157744615175827,0.0,0.0,0.0,0.0,0.0,0.0,0.0,0.0,0.0,0.0,0.0,0.0,0.0,0.0,0.0,0.0,0.0,0.0,0.5242431497348876,0.0,0.0,0.542164548745468,0.0,0.054985065736874665,0.0,0.0,0.0,0.0,0.34619446951963356,0.0,0.0,0.12307231132374374,0.0,0.0,0.0,0.0,0.542164548745468,0.0,0.0,0.0,0.0,0.0,-0.2215267626882693,0.0,0.0,0.0,0.0,0.0,0.0,0.0,0.44510752548379795,0.0,0.9372362908278367,0.0,0.0,0.4660164722502111,0.0,0.0,0.09371963717404888,0.002836345306038999,0.5770928409580646,0.0,0.0,0.0,0.0,0.0,0.0,0.0,0.0,0.0,0.0,0.0,0.5770928409580646,0.0,0.0,0.0,0.0,0.565589580713522,0.0,0.0,0.0,0.0,0.0,0.0,0.0,0.0,0.0,0.0,0.0,0.0,0.0,0.0,0.0,0.0,0.0,0.0,0.0,0.0
305,0.0,0.0,0.0,0.0,1.0000000000462408,0.0,0.0,0.0,0.0,0.0,0.0,0.3898843044984434,0.0,0.0,0.0,0.0,0.0,0.0,0.0,0.0,0.0,0.0,0.0,0.0,0.0,0.0,0.0,0.0,0.0,0.0,0.0,0.0,0.0,0.0,0.0,0.0,0.0,0.0,0.0,0.0,0.0,0.0,0.0,0.0,0.0,0.0,0.0,0.0,0.0,0.0,0.0,0.0,0.0,0.0,0.0,0.0,0.0,0.0,0.0,0.0,0.0,0.0,0.0,0.0,0.0,0.0,0.0,0.0,0.0,0.0,0.0,0.0,0.0,0.0,0.0,0.0,0.0,0.0,0.0,0.0,0.0,0.0,0.0,0.0,0.0,0.0,0.0,0.0,0.0,0.0,0.0,0.0,0.0,0.0,0.0,0.0,0.0,0.0,0.0,0.0,0.0,0.0,0.0,0.0,0.0,0.0,0.0,0.0,0.0,0.0,0.0,0.0,0.0,0.0,0.0,0.0,0.0,0.0,0.0,0.0,0.0,0.0,0.0,0.0,0.0,0.0,0.0,0.0,0.0,0.0,0.0,0.0,0.0,0.0,0.0,0.0,0.0,0.0,0.0,0.0
306,0.0,0.0,0.0,0.0,0.0,1.0000000000170688,0.0,0.0,0.0,0.0,0.0,0.0,0.3748285084913225,0.0,0.0,0.4302578684850864,0.019226461971776188,0.0,0.0,0.0,0.835209392654097,0.0,0.0,0.0,0.0,0.0,0.0,0.0,0.0,0.0,0.0,0.0,0.7674793204132379,0.0,0.0,0.0,0.0,0.0,0.0,0.0,0.0,0.0,0.0,0.0,0.0,0.0,0.0,0.0,0.0,0.0,0.0,0.0,0.0,0.0,0.0,0.0,0.0,0.0,0.0,0.0,0.0,0.0,0.0,0.0,0.0,0.0,0.0,0.0,0.0,0.0,0.0,0.0,0.0,0.0,0.0,0.0,0.0,0.0,0.0,0.0,0.0,0.0,0.0,0.0,0.14360446941058405,0.6881692096659202,0.0,0.0,0.0,0.0,0.0,0.0,0.0,0.0,0.0,0.0,0.0,0.0,0.0,0.0,-0.03817680547575152,0.0,0.0,0.0,0.0,0.0,0.0,0.0,0.0,0.0,0.0,0.0,0.0,0.0,0.0,0.0,0.0,0.0,0.0,0.0,0.0,0.0,0.0,0.0,0.0,0.0,0.0,0.0,0.0,0.0,0.0,0.0,0.0,0.0,0.0,0.0,0.0,0.0,0.6881692096659202,0.0
308,0.0,0.11704954111353959,0.20359076701435858,0.0,0.0,0.0,1.0000000000154154,0.0,0.0,0.0,0.41463869868642433,0.0,0.1113890504194253,0.0,0.0,0.4088595527778044,0.0,0.3796426461325601,0.0,0.0,0.0,0.0,0.0,0.0,0.23280767365959787,-0.02295263755603053,0.2947661318350178,0.2825097919672841,0.0,0.0,0.0,0.0,0.0,0.0,0.0,0.0,0.0,0.0,0.5242480409157977,0.0,0.0,0.1327873661266989,0.0,0.0,0.0,0.644448320431884,0.4910050162704173,0.0,0.0,0.0,0.0,0.0,0.0,0.0,0.0,0.0,0.0,0.0,0.0,0.0,0.13861525660400736,0.0,0.0,0.15094821159701183,0.0,0.0,0.0,0.0,0.0,0.0,0.016087637060365322,0.0,0.0,0.0,0.0,0.0,0.0,0.0,0.15094821159701183,0.0,0.0,0.0,0.0,0.0,-0.02336797025987266,0.0,0.0,0.0,0.0,0.0,0.0,0.0,0.053233689547064277,0.0,0.0,0.0,0.0,0.0,0.0,0.0,0.20900969128503216,0.0,0.0,0.0,0.0,0.0,0.0,0.0,0.0,0.0,0.0,0.0,0.0,0.0,0.0,0.0,0.0,0.0,0.0,0.3796426461325601,0.0,0.0,0.0,0.0,0.0,0.37521984575302664,0.0,0.0,0.0,0.0,0.0,0.0,0.0,0.0,0.0,0.0,0.0,0.0,0.0,0.0
309,0.0,0.0,0.0,0.0,0.0,0.0,0.0,1.0000000000462408,0.0,0.0,0.0,0.0,0.0,0.0,0.0,0.0,0.0,0.0,0.0,0.0,0.0,0.0,0.0,0.0,0.6367664890786761,0.0,0.0,0.0,0.0,0.0,0.0,0.0,0.0,0.0,0.0,0.0,0.0,0.0,0.0,0.0,0.0,0.0,0.0,0.0,0.0,0.0,0.0,0.0,0.0,0.0,0.0,0.0,0.0,0.0,0.0,0.0,0.0,0.0,0.0,0.0,0.0,0.0,0.0,0.0,0.0,0.0,0.0,0.6926791868130693,0.0,0.0,0.392965976908378,0.0,0.0,0.0,0.0,0.0,0.0,0.0,0.0,0.0,0.0,0.0,0.0,0.0,0.0,0.0,0.0,0.0,0.0,0.0,0.0,0.0,0.0,0.0,0.0,0.0,0.5677231559544259,0.0,0.0,0.0,0.0,0.0,0.0,0.0,0.0,0.0,0.0,0.0,0.0,0.0,0.0,0.0,0.0,0.0,0.0,0.0,0.0,0.0,0.0,0.0,0.0,0.0,0.0,0.0,0.0,0.0,0.0,0.0,0.0,0.0,0.0,0.0,0.0,0.0,0.0,0.0,0.0,0.0,0.0,0.0
316,0.0,0.0,0.0,0.0,0.0,0.0,0.0,0.0,1.0000000000462408,0.0,0.0,0.0,0.0,0.39358616067512814,0.0,0.0,0.0,0.0,0.0,0.0,0.0,0.0,0.0,0.0,0.0,0.0,0.0,0.0,0.0,0.0,0.0,0.0,0.0,0.7128717522561204,0.0,0.0,0.0,0.0,0.0,0.0,0.0,0.0,0.0,0.0,0.0,0.0,0.0,0.0,0.0,0.0,0.0,0.0,0.0,0.0,0.0,0.0,0.0,0.0,0.0,0.0,0.0,0.0,0.0,0.0,0.0,0.0,0.0,0.0,0.0,0.0,0.0,0.517922007767015,0.0,0.0,0.0,0.0,0.0,0.0,0.0,0.0,0.0,0.0,0.0,0.0,0.09030402772747331,0.0,0.0,0.0,0.0,0.0,0.0,0.0,0.0,0.0,0.0,0.0,0.0,0.0,0.0,0.0,0.1625776162325353,0.0,0.0,0.0,0.0,0.0,0.0,0.0,0.0,0.0,0.0,0.6310122901935107,0.0,0.0,0.0,0.0,0.0,0.0,0.0,0.0,0.0,0.0,0.0,0.0,0.0,0.0,0.0,0.0,0.7741601026330848,0.0,0.0,0.0,0.0,0.0,0.0,0.0,0.0,0.0,0.0,0.0
322,0.0,0.0,0.0,0.0,0.0,0.0,0.0,0.0,0.0,1.0000000000462408,0.0,0.0,0.0,0.0,0.0,0.0,0.0,0.0,0.0,0.0,0.0,0.0,0.0,0.0,0.0,0.19920009985954643,0.0,0.0,0.0,0.0,0.6769933460376858,0.0,0.0,0.0,0.0,0.5770928409580646,0.0,0.0,0.0,0.7778472626664934,0.0,0.0,0.0,0.8019493768963308,0.0,0.0,0.0,0.0,0.0,0.0,0.0,0.0,0.0,0.0,0.0,0.0,0.0,0.0,0.0,0.0,0.0,0.0,0.0,0.0,0.0,0.0,0.0,0.0,0.0,0.0,0.392965976908378,0.0,0.0,0.0,0.0,0.0,0.0,0.0,0.0,0.0,0.0,0.0,0.0,0.0,0.0,0.0,0.0,0.0,0.0,0.0,0.0,0.0,0.0,0.0,0.0,0.0,0.0,0.0,0.0,0.0,0.3078487007145102,0.0,0.0,0.0,0.0,0.0,0.0,0.0,0.0,0.0,0.0,0.0,0.0,0.0,0.0,0.0,0.0,0.0,0.0,0.0,0.0,0.0,0.0,0.0,0.0,0.0,0.0,0.0,0.0,0.0,0.0,0.0,0.0,0.0,0.0,0.0,0.0,0.0,0.0,0.0
331,0.0,-0.04429575521297696,-0.08016368617135049,0.0,0.0,0.0,0.41463869868642433,0.0,0.0,0.0,1.000000000004605,0.23876522533738814,-0.06894746848676567,-0.11232102992620656,0.0,0.12510509959193694,-0.28592630692062354,0.5372866010862404,0.0,-0.015188175761064874,0.0,0.0,0.3830164407727208,0.0,0.0,-0.15857213373462845,0.052485874329342465,0.12355584171447495,0.0,0.0,0.0,0.0,0.0,0.0,0.0,0.0,0.0,0.0,0.20503675753445877,0.0,0.0,0.1910037258995722,0.2860580937926654,0.0,0.0,0.5565730570322932,0.871111550370243,0.09588819294670486,0.09588819294670486,0.0,-0.039890718351236094,0.0,0.0,0.0,0.0,0.0,0.0,0.0,0.0,0.0,-0.14513919658159205,0.0,0.0,-0.13280624158861196,0.0,-0.13909133444821145,0.0,0.0,0.0,0.0,-0.17615736818984468,-0.1565904474174244,0.0,0.19431661691518093,0.0,0.0,0.46485504492364127,0.0,-0.13280624158861196,0.0,0.0,0.15973143950645752,0.0,0.0,-0.07387408091791575,0.0,0.16086370335704916,0.0,0.0,0.0309126825363752,0.0,0.07940766906411667,-0.23052076363830368,0.07118565035651897,0.0,0.0,0.2452155206735827,0.0,0.0,0.0,0.18171116661211398,0.21295028402239172,0.0,0.0,0.0,0.0,0.0,0.0,0.0,0.0,0.0,0.0,0.0,0.0,0.0,0.0,0.0,0.0,0.492405719176596,0.0,0.0,0.0,0.0,0.0,0.4308766549475754,-0.06128903405849029,0.0,0.0,0.0,0.0,0.0,0.25116285815391703,0.16086370335704916,0.0,0.0,0.0,0.0,0.0,0.0,0.0
337,0.0,-0.1834701783032005,-0.0062169418012135436,0.0,0.3898843044984434,0.0,0.0,0.0,0.0,0.0,0.23876522533738814,1.0000000000040734,-0.20880447178412437,-0.14876009894425518,0.0,0.08866603057382462,-0.12883331128891373,0.0,0.0,-0.051627244779151045,0.0,0.0,0.0,0.0,0.0,0.013825668213396727,0.0,0.08256349126536201,0.0,0.0,0.0,0.0,0.0,0.0,0.0,0.0,0.0,0.0,0.0,0.0,0.0,0.0,0.5183466521235275,0.0,0.0,0.03474658133841411,0.33498525951118724,0.0,0.0,0.0,-0.07632978736931471,0.0,0.0,0.0,0.0,0.0,0.0,0.0,0.0,0.17052549263639874,-0.07931153409238445,0.0,0.12442463433893305,-0.06543750199528121,0.0,0.0,0.0,0.0,0.0,0.0,-0.15541513205915627,-0.02060522608908107,0.0,0.14747057043792866,0.3167897122071896,0.0,0.17052549263639874,0.0,-0.06543750199528121,0.0,0.0,0.44510041954413043,0.0,0.0,-0.15425073831626568,0.0,0.0,0.0,0.0,0.0,0.0,0.553563474170698,-0.175362042873163,0.0,0.0,0.08866603057382462,0.033123177880039004,0.0,0.0,0.0,-0.16420854940596671,-0.06265836824831503,0.0,0.0,0.0,0.0,0.0,0.0,0.0,0.0,0.0,0.0,0.0,0.0,0.0,0.0,0.12442463433893305,0.0,0.26492827363981697,0.0,0.0,0.0,0.0,0.0,0.3898843044984434,0.015016211922647012,0.0,0.0,0.03474658133841411,0.08866603057382462,0.3302696185883065,0.6475048354890146,0.12442463433893305,0.0,0.0,0.0,0.0,0.0,0.0,0.0
338,0.0,-0.06448115181362798,0.0,0.24001860252105933,0.0,0.3748285084913225,0.1113890504194253,0.0,0.0,0.0,-0.06894746848676567,-0.20880447178412437,1.0000000000058005,0.06789903251995319,0.0,0.5991442548266677,0.16333123710214656,0.0,0.0,0.0464135400090916,0.0,0.0,0.0,0.2685662774247173,0.13694236564416637,-0.029507897833251213,0.30289280130423557,0.060357054551650954,0.0,0.25443183110783485,0.0,0.0,0.18062505290324782,0.0,0.0,0.0,0.0,0.0,0.3748285084913225,0.0,0.0,-0.08936537128880684,0.0,0.0,0.0,0.0,-0.0051955597712492006,0.15748990871688942,0.15748990871688942,0.0,0.14937994833992507,0.0,0.0,0.0,0.0,0.0,0.0,0.0,0.2224654191272431,0.0,0.0,0.0,0.0,0.0,0.0,-0.07748961867812054,0.0,0.0,0.1327873661266989,0.0,-0.106858146525905,0.0983838004006211,0.0,0.11437877454554304,0.0,0.0,0.0,0.0,0.0,0.0,0.02171099741891105,0.09251439830654576,0.0,0.0,0.2614268536633688,0.4446181565429288,0.5716008500569985,-0.009402373091302083,0.0,0.09251439830654576,0.0,0.0,-0.16891904786830653,0.2743359791985329,0.28692211034001197,0.0,-0.05071931415609692,0.0,0.0,0.0,0.13828550195784103,-0.0208814005466162,0.0,0.0,0.4446181565429288,0.4446181565429288,0.4446181565429288,0.0,0.0,0.0,0.0,0.0,0.5396191158704697,0.0,0.0,0.0,0.0,0.0,0.0,0.40480920990019037,0.0,0.0,0.0,0.0,0.0,0.0,0.0,0.0,0.1327873661266989,0.18670681536212622,0.0,0.0,0.483667949618548,0.0464135400090916,0.0,0.3335417878350809,0.4446181565429288,0.3335417878350809,0.0,0.0
344,0.0,0.0,0.0,0.0,0.0,0.0,0.0,0.0,0.39358616067512814,0.0,-0.11232102992620656,-0.14876009894425518,0.06789903251995319,1.0000000000074178,0.0,0.24675118820216407,-0.164280218310865,0.0,0.6487938617490396,0.83859488321956,0.0,0.0,0.0,0.0,0.0,-0.18506100213136908,0.33250904086438543,0.3597960830020167,0.0,0.0,0.0,0.0,0.0,0.6124930885324844,0.0,0.0,0.0,0.0,0.0,0.0,0.0,0.36164604441980874,0.0,0.0,0.0,0.0,0.0,0.0,0.707928919606517,0.5677231559544259,0.8744910585795849,0.0,0.0,0.32861065026476133,0.0,0.0,0.0,0.0,0.0,0.0,0.0,0.5046625293829791,0.0,0.0,0.0,0.2631718351506392,0.0,0.0,0.0,0.0,-0.14602072751504322,0.3004586846918436,0.0,0.0,0.0,0.0,0.0,0.5677231559544259,0.0,0.0,0.0,0.0,0.0,0.02459845078655155,0.1189051889984162,0.0,0.0,0.0,0.0,0.0,0.0,0.0,-0.10887467502839672,0.3418832585412874,0.0,0.0,0.0,0.0,0.0,0.0,0.0006032696642507835,0.19612946972086037,0.0,0.0,0.0,0.0,0.0,0.0,0.0,0.39358616067512814,0.2825097919672841,0.24675118820216407,0.0,0.0,0.0,0.0,0.0,0.0,0.0,0.0,0.0,0.0,0.0,0.2825097919672841,0.0,0.0,0.0,0.0,0.3418832585412874,0.0,0.0,-0.1254098793692996,0.0,0.0,0.0,0.0,0.0,0.0,0.0,0.2825097919672841
349,0.0,0.0,0.0,0.0,0.0,0.0,0.0,0.0,0.0,0.0,0.0,0.0,0.0,0.0,1.000000000026423,0.0,0.0,0.0,0.0,0.0,0.0,0.0,0.0,0.0,0.7276965632786273,0.39889125213597676,0.0,0.0,0.0,0.0,0.7736678040123014,0.0,0.0,0.0,0.0,0.0,0.0,0.0,0.0,0.0,0.0,0.0,0.0,0.9164675206687777,0.0,0.0,0.0,0.0,0.0,0.0,0.0,0.0,0.0,0.0,0.0,0.0,0.0,0.0,0.0,0.0,0.0,0.0,0.0,0.0,0.9540287592927482,0.0,0.0,0.7915935784055139,0.0,0.0,0.4490814070561479,0.0,0.0,0.0,0.0,0.0,0.0,0.0,0.0,0.0,0.0,0.0,0.0,0.0,0.0,0.0,0.0,0.0,0.0,0.0,0.0,0.0,0.0,0.0,0.0,0.0,0.0,0.0,0.0,0.0,0.0,0.0,0.0,0.0,0.0,0.0,0.0,0.0,0.0,0.0,0.0,0.0,0.0,0.0,0.0,0.0,0.0,0.0,0.0,0.0,0.0,0.0,0.8329350413111326,0.0,0.0,0.0,0.0,0.0,0.0,0.0,0.0,0.0,0.0,0.0,0.0,0.0,0.0,0.0,0.0,0.0
361,0.0,0.0,0.0,0.0,0.0,0.4302578684850864,0.4088595527778044,0.0,0.0,0.0,0.12510509959193694,0.08866603057382462,0.5991442548266677,0.24675118820216407,0.0,1.0000000000221578,0.0,0.0,0.0,0.3438840423674369,0.0,0.0,0.0,0.0,0.0,0.0,0.0,0.0,0.0,0.0,0.0,0.0,0.2702442961738817,0.0,0.0,0.0,0.0,0.0,0.0,0.0,0.0,0.0,0.0,0.0,0.0,0.0,0.18177567779180756,0.0,0.45496041107528534,0.0,0.3191814997772395,0.0,0.0,0.0,0.0,0.0,0.0,0.0,0.0,0.0,0.0,0.0,0.0,0.0,0.0,0.0,0.0,0.0,0.0,0.0,0.0,0.20248177071085444,0.0,0.0,0.0,0.0,0.0,0.0,0.0,0.0,0.0,0.0,0.0,0.0,0.2713697265470725,0.7420886589013669,0.0,0.0,0.0,0.0,0.0,0.0,0.0,0.0,0.0,0.0,0.0,0.0,0.0,0.0,0.14266581289690128,0.0,0.0,0.0,0.0,0.0,0.0,0.0,0.0,0.0,0.0,0.0,0.0,0.0,0.0,0.0,0.0,0.0,0.0,0.0,0.0,0.0,0.0,0.0,0.0,0.0,0.0,0.0,0.0,0.0,0.0,0.0,0.5199359214856559,0.0,0.0,0.0,0.0,0.0,0.0,0.0
363,0.0,-0.26061354459675495,-0.13212287455603144,-0.09184990673593951,0.0,0.019226461971776188,0.0,0.0,0.0,0.0,-0.28592630692062354,-0.12883331128891373,0.16333123710214656,-0.164280218310865,0.0,0.0,1.0000000000038816,0.0,0.10890451497228953,0.0,0.0,0.15500537326975333,0.0,0.0,0.0,-0.3586662791254234,-0.08289695387569737,0.0,0.0,0.0,0.0,0.0,-0.14078711033920363,0.0,0.2993302603267502,0.0,0.0,0.0,0.0,0.0,0.0,0.0,0.0,0.0,0.0,0.0,-0.22925572872101532,0.0,0.0,0.0,0.0,0.0,0.0,0.0,0.0,0.0,0.0,0.0,0.0,0.0,-0.1970983849662224,0.0,0.0,-0.18476542997325354,0.0,-0.08996740699232492,0.0,0.0,0.0,0.0,-0.31962600450931244,0.017488139724189507,0.0,-0.12296327724612172,0.0,0.0,0.0,0.21998088368010674,-0.18476542997325354,0.0,0.0,0.0,0.0,0.47462091621794167,0.6082947737392647,0.0,0.0,0.0,0.0,0.0,0.0,0.04265061264134706,-0.28247995202282716,0.0,0.0,0.0,0.014286895628438353,0.0,0.0,0.0,0.10757138328461482,0.0,0.3310572523879442,0.0,0.0,0.0,0.0,0.0,0.0,0.0,0.0,0.0731459112071829,0.0,0.0,0.0,0.372424852618003,0.0,0.0,0.0,0.0,0.0,0.0,0.0,0.0,0.0,0.0,0.0,0.0,0.019226461971776188,0.0,0.14658495520490228,-0.14923667415656042,0.0,0.0,0.0,0.0,0.0,0.0,0.0,0.0
367,0.0,0.039072592722205854,0.24969162531183145,0.0,0.0,0.0,0.3796426461325601,0.0,0.0,0.0,0.5372866010862404,0.0,0.0,0.0,0.0,0.0,0.0,1.0000000000192226,0.0,0.0,0.0,0.0,0.0,0.0,0.0,0.023148220741407374,0.19704906989448034,0.32861065026476133,0.0,0.0,0.0,0.0,0.0,0.0,0.0,0.0,0.0,0.0,0.4010409618398418,0.0,0.0,0.17888822442416552,0.0,0.0,0.0,0.4010409618398418,0.29657794051327735,0.0,0.0,0.0,0.0,0.0,0.0,0.0,0.0,0.0,0.0,0.0,0.0,0.0,0.18471611490147463,0.0,0.0,0.19704906989448034,0.0,0.0,0.0,0.0,0.0,0.0,0.06218849535781322,0.0,0.0,0.0,0.0,0.0,0.0,0.0,0.19704906989448034,0.0,0.0,0.0,0.0,0.0,0.028493468307458997,0.0,0.0,0.0,0.0,0.0,0.0,0.0,0.09933454784451969,0.0,0.0,0.0,0.21753428155692417,0.0,0.0,0.0,0.10979807756466414,0.0,0.0,0.0,0.0,0.0,0.0,0.0,0.0,0.0,0.0,0.0,0.0,0.0,0.0,0.0,0.0,0.0,0.0,0.0,0.0,0.0,0.0,0.0,0.0,0.0,0.0,0.0,0.0,0.0,0.0,0.0,0.0,0.0,0.0,0.0,0.0,0.0,0.0,0.0
369,0.0,0.0,0.0,0.0,0.0,0.0,0.0,0.0,0.0,0.0,0.0,0.0,0.0,0.6487938617490396,0.0,0.0,0.10890451497228953,0.0,1.000000000026423,0.0,0.0,0.0,0.0,0.0,0.0,0.08812373115173484,0.0,0.0,0.0,0.0,0.0,0.0,0.0,0.0,0.0,0.0,0.0,0.0,0.0,0.0,0.0,0.0,0.0,0.0,0.0,0.0,0.0,0.0,0.0,0.0,0.0,0.0,0.0,0.6017953835482645,0.0,0.0,0.0,0.0,0.0,0.0,0.0,0.0,0.0,0.0,0.0,0.614377973427983,0.0,0.0,0.0,0.0,0.12716400576815065,0.0,0.0,0.0,0.0,0.0,0.0,0.8750439691875943,0.0,0.0,0.0,0.0,0.0,0.0,0.10158806059867193,0.0,0.0,0.0,0.0,0.0,0.0,0.0,0.1643100582548646,0.0,0.0,0.0,0.0,0.0,0.0,0.0,0.0,0.0,0.0,0.0,0.0,0.0,0.0,0.0,0.0,0.0,0.5556945252507816,0.0,0.0,0.0,0.0,0.0,0.0,0.0,0.0,0.0,0.0,0.0,0.0,0.5556945252507816,0.0,0.0,0.0,0.0,0.0,0.0,0.0,0.0,0.0,0.0,0.0,0.0,0.0,0.0,0.0,0.5556945252507816
375,0.0,0.0,0.0,0.0,0.0,0.0,0.0,0.0,0.0,0.0,-0.015188175761064874,-0.051627244779151045,0.0464135400090916,0.83859488321956,0.0,0.3438840423674369,0.0,0.0,0.0,1.00000000001139,0.0,0.0,0.0,0.0,0.0,0.0,0.3180110174982833,0.36967253280453,0.0,0.0,0.0,0.0,0.0,0.0,0.0,0.0,0.0,0.0,0.0,0.0,0.0,0.3727783165883337,0.0,0.0,0.0,0.0,0.0,0.0,0.8441846400215051,0.6769933460376858,0.9589519240942371,0.0,0.0,0.0,0.0,0.0,0.0,0.0,0.0,0.0,0.0,0.6017953835482645,0.0,0.0,0.0,0.0,0.0,0.0,0.0,0.0,0.0,0.1949153537585074,0.0,0.0,0.0,0.0,0.0,0.0,0.0,0.0,0.0,0.0,0.0,0.0,0.03256232750757165,0.0,0.0,0.0,0.0,0.0,0.0,0.0,0.0,0.45115344862453843,0.0,0.0,0.0,0.0,0.0,0.0,-0.015157953293885019,0.32100341198409005,0.0,0.0,0.0,0.0,0.0,0.0,0.0,0.4907190148404104,0.0,0.0,0.0,0.0,0.0,0.0,0.0,0.0,0.0,0.0,0.0,0.0,0.0,0.0,0.0,0.0,0.0,0.0,0.0,0.0,0.0,-0.02827702520417039,0.0,0.0,0.0,0.0,0.0,0.0,0.0,0.0
376,0.0,0.0,0.0,0.0,0.0,0.835209392654097,0.0,0.0,0.0,0.0,0.0,0.0,0.0,0.0,0.0,0.0,0.0,0.0,0.0,0.0,1.0000000000332587,0.0,0.0,0.0,0.0,0.0,0.0,0.0,0.0,0.0,0.0,0.0,0.6410059370659782,0.0,0.0,0.0,0.0,0.0,0.0,0.0,0.0,0.0,0.0,0.0,0.0,0.0,0.0,0.0,0.0,0.0,0.0,0.0,0.0,0.0,0.0,0.0,0.0,0.0,0.0,0.0,0.0,0.0,0.0,0.0,0.0,0.0,0.0,0.0,0.0,0.0,0.0,0.0,0.0,0.0,0.0,0.0,0.0,0.0,0.0,0.0,0.0,0.0,0.0,0.0,0.1534494991660292,0.0,0.0,0.0,0.0,0.0,0.0,0.0,0.0,0.0,0.0,0.0,0.0,0.0,0.0,0.0,0.0,0.0,0.0,0.0,0.0,0.0,0.0,0.0,0.0,0.0,0.0,0.0,0.0,0.0,0.0,0.0,0.0,0.0,0.0,0.0,0.0,0.0,0.0,0.0,0.0,0.0,0.0,0.0,0.0,0.0,0.0,0.0,0.0,0.0,0.0,0.0,0.0,0.0,0.8239481209639773,0.0
377,0.0,0.39589973234892656,0.0,0.0,0.0,0.0,0.0,0.0,0.0,0.0,0.0,0.0,0.0,0.0,0.0,0.0,0.15500537326975333,0.0,0.0,0.0,0.0,1.0000000000332587,0.0,0.0,0.0,0.0,0.0,0.0,0.0,0.0,0.0,0.0,0.0,0.0,0.0,0.0,0.0,0.0,0.0,0.0,0.0,0.0,0.0,0.0,0.0,0.0,0.0,0.0,0.0,0.0,0.0,0.0,0.0,0.0,0.0,0.0,0.0,0.0,0.0,0.0,0.0,0.0,0.0,0.0,0.0,0.0,0.0,0.0,0.0,0.0,0.0,0.558764684563315,0.0,0.0,0.0,0.0,0.0,0.0,0.0,0.0,0.0,0.0,0.0,0.5118104582200341,0.1534494991660292,0.0,0.0,0.0,0.0,0.0,0.0,0.0,0.0,0.0,0.0,0.5660367797831385,0.0,0.0,0.0,0.0,0.2347541084232623,0.0,0.0,0.0,0.0,0.0,0.0,0.0,0.0,0.0,0.0,0.9006497375803733,0.0,0.0,0.0,0.7128717522561204,0.0,0.0,0.0,0.0,0.0,0.0,0.0,0.6017953835482645,0.0,0.0,0.0,0.0,0.0,0.0,0.0,0.0,0.0,0.0,0.0,0.0,0.0,0.0,0.0,0.6017953835482645
378,0.0,0.0,0.0,0.0,0.0,0.0,0.0,0.0,0.0,0.0,0.3830164407727208,0.0,0.0,0.0,0.0,0.0,0.0,0.0,0.0,0.0,0.0,0.0,1.000000000082208,0.0,0.0,0.0,0.0,0.0,0.0,0.0,0.0,0.0,0.0,0.0,0.0,0.0,0.0,0.0,0.0,0.0,0.0,0.0,0.0,0.0,0.0,0.0,0.4396870189726088,0.0,0.0,0.0,0.0,0.0,0.0,0.0,0.0,0.0,0.0,0.0,0.0,0.0,0.0,0.0,0.0,0.0,0.0,0.47789222486091676,0.0,0.0,0.0,0.0,0.0,0.0,0.0,0.5459794704478224,0.0,0.0,0.0,0.0,0.0,0.0,0.0,0.0,0.0,0.0,0.0,0.0,0.0,0.0,0.0,0.0,0.0,0.0,0.0,0.0,0.0,0.0,0.0,0.0,0.0,0.0,0.2736539849403641,0.0,0.0,0.0,0.0,0.0,0.0,0.0,0.0,0.0,0.0,0.0,0.0,0.0,0.0,0.0,0.0,0.0,0.0,0.0,0.0,0.0,0.0,0.0,0.0,0.0,0.0,0.0,0.0,0.0,0.0,0.0,0.0,0.0,0.0,0.0,0.0,0.0,0.0,0.0
379,0.0,0.1501489614300009,0.0,0.0,0.0,0.0,0.0,0.0,0.0,0.0,0.0,0.0,0.2685662774247173,0.0,0.0,0.0,0.0,0.0,0.0,0.0,0.0,0.0,0.0,1.0000000000332587,0.0,0.0,0.0,0.0,0.0,0.0,0.0,0.0,0.0,0.0,0.0,0.0,0.0,0.0,0.0,0.0,0.0,0.0,0.0,0.0,0.0,0.0,0.0,0.0,0.0,0.0,0.0,0.0,0.0,0.0,0.0,0.0,0.0,0.0,0.9440488337813333,0.0,0.0,0.0,0.0,0.0,0.0,0.0,0.0,0.0,0.0,0.0,0.0,0.0,0.7128717522561204,0.0,0.0,0.0,0.0,0.0,0.0,0.0,0.0,0.0,0.0,0.0,0.0,0.0,0.0,0.0,0.0,0.0,0.0,0.0,0.0,0.0,0.0,0.0,0.0,0.0,0.0,0.0,0.0,0.0,0.0,0.0,0.8239481209639773,0.8239481209639773,0.8239481209639773,0.926905407754977,0.926905407754977,0.0,0.6017953835482645,0.0,0.0,0.0,0.0,0.0,0.0,0.0,0.0,0.0,0.0,0.0,0.0,0.0,0.0,0.0,0.0,0.0,0.0,0.0,0.0,0.0,0.0,0.0,0.0,0.0,0.0,0.0,0.0,0.0
380,0.0,0.0037280918633470312,0.10285665283889735,0.0,0.0,0.0,0.23280767365959787,0.6367664890786761,0.0,0.0,0.0,0.0,0.13694236564416637,0.0,0.7276965632786273,0.0,0.0,0.0,0.0,0.0,0.0,0.0,0.0,0.0,1.0000000000096905,0.35255183122730427,0.05021409742156592,0.0,0.0,0.0,0.5737097573621063,0.0,0.0,0.0,0.0,0.2542059893668768,0.0,0.0,0.2542059893668768,0.0,0.7276965632786273,0.0,0.0,0.644164083920984,0.0,0.0,0.0,0.0,0.0,0.0,0.0,0.0,0.0,0.0,0.0,0.6367664890786761,0.0,0.2542059893668768,0.0,0.3899849006649164,0.16757065048765493,0.0,0.3438840423674369,0.05021409742156592,0.7627616633215711,0.043929004561956427,0.5660367797831385,0.824019961151219,0.0,0.5660367797831385,0.586146037526242,0.0,0.0,0.2509693870125117,0.0,0.0,0.0,0.0,0.05021409742156592,0.0,0.0,0.0,0.0,0.0,-0.13668941950996807,0.0,0.0,0.0,0.0,0.0,0.6367664890786761,0.0,0.07152014170672949,0.0,0.0,0.0,0.20448964498690686,0.0,0.0,0.5660367797831385,-0.05538481025284674,0.0,0.0,0.7276965632786273,0.0,0.0,0.0,0.0,0.0,0.0,0.0,0.0,0.0,0.0,0.0,0.0,0.3438840423674369,0.0,0.0,0.2789085319570726,0.0,0.0,0.8736534389805646,0.0,0.0,0.2618983965027714,0.0,0.0,0.0,0.0,0.0,0.0,0.0,0.0,0.0,0.0,0.0,0.0,0.0,0.0
387,0.3765728213745944,0.5567138025575861,0.5779899070359557,0.33084589859723185,0.0,0.0,-0.02295263755603053,0.0,0.0,0.19920009985954643,-0.15857213373462845,0.013825668213396727,-0.029507897833251213,-0.18506100213136908,0.39889125213597676,0.0,-0.3586662791254234,0.023148220741407374,0.08812373115173484,0.0,0.0,0.0,0.0,0.0,0.35255183122730427,1.0000000000036549,-0.2055462137937492,-0.07398463342376554,0.0,0.0,0.3678939203606233,0.4917122429996939,0.0,0.0,0.0,0.28360119802495976,0.0,0.0,-0.001554321848770069,0.19920009985954643,0.22409135367543048,0.1642573901366027,0.07853541278106049,0.37874121718079384,0.0,0.0,-0.08979282984427216,0.0,0.0,0.0,0.0,0.0,0.3102764685673811,0.3765728213745944,0.0,0.19920009985954643,0.0,0.2117822139954684,0.0,0.2759527922428004,0.6575822306656774,0.0,0.39889125213597676,0.6408323091842695,0.41811239782805504,0.06209505289605456,0.3102764685673811,0.429264914431482,0.0,0.3102764685673811,0.7678679550344726,0.0,0.0,0.1538458764286173,0.0,0.0,0.0,0.19920009985954643,0.6408323091842695,0.0,0.0,0.39235045241692745,0.3102764685673811,-0.16978761002873785,-0.21027962202183825,0.0,0.0,0.0,0.45087234972820783,0.0,0.34904738453405165,-0.022630280926848406,0.8028624541476971,-0.001554321848770069,0.2989929306802311,0.0,-0.08322945955751024,0.34904738453405165,0.0,0.3102764685673811,-0.00855417439227847,0.16641147000976647,0.0,0.08812373115173484,0.0,0.0,0.0,0.0,0.0,0.0,0.08812373115173484,0.0,0.0,0.3102764685673811,0.3102764685673811,0.0,0.32062165512267793,0.0,0.0,0.0,0.0,0.0,0.344102508460179,0.08812373115173484,0.0,-0.1340290062637034,0.0,0.0,0.0,0.3529200114023089,0.0,-0.12553004613927543,0.0,0.0,0.0,0.0,0.0,0.0,0.0,0.08812373115173484
388,0.0,0.09202337018604324,0.02099719077634257,0.2880303160894176,0.0,0.0,0.2947661318350178,0.0,0.0,0.0,0.052485874329342465,0.0,0.30289280130423557,0.33250904086438543,0.0,0.0,-0.08289695387569737,0.19704906989448034,0.0,0.3180110174982833,0.0,0.0,0.0,0.0,0.05021409742156592,-0.2055462137937492,1.0000000000068077,0.5983223317305385,0.0,0.30244354467619394,0.0,0.0,0.0,0.0,0.0,0.0,0.0,0.0,0.579793079079796,0.0,0.0,0.5431764875030481,0.0,0.0,0.0,0.0,-0.07613566338882881,0.0,0.346627570402392,0.0,0.4301123537676045,0.0,0.0,0.0,0.0,0.0,0.0,0.0,0.0,0.0,-0.043978319633960865,0.4841773177205306,0.0,-0.03164536464096702,0.0,0.0,0.0,0.0,0.0,0.0,-0.16650593917743828,0.0,0.0,0.0,0.0,0.0,0.0,0.0,-0.03164536464096702,0.0,0.0,0.0,0.0,0.00411323912412084,-0.0037948450371744513,0.0,0.0,0.15888109148614782,0.0,0.0,0.0,0.0,-0.1293598866908031,0.31883829613914993,0.3349338239083729,0.0,0.20012391793811624,0.0,0.0,0.0,0.23076730252448305,0.023620916393965224,0.0,0.0,0.0,0.0,0.0,0.0,0.0,0.3731009490126806,0.0,0.0,0.0,0.0,0.0,0.0,0.0,0.5446781935522857,0.0,0.679192738662315,0.0,0.0,0.0,0.0,0.0,0.0,0.0,0.0,0.0,0.0,0.0,0.0,0.0,0.0,0.0,0.0,0.0,0.0,0.0,0.0
389,0.0,-0.05806026144297798,0.15255877114657107,0.0,0.0,0.0,0.2825097919672841,0.0,0.0,0.0,0.12355584171447495,0.08256349126536201,0.060357054551650954,0.3597960830020167,0.0,0.0,0.0,0.32861065026476133,0.0,0.36967253280453,0.0,0.0,0.0,0.0,0.0,-0.07398463342376554,0.5983223317305385,1.000000000012143,0.0,0.0,0.0,0.0,0.0,0.0,0.0,0.0,0.0,0.0,0.3039081076745642,0.0,0.0,0.3907040909815438,0.15262820641954322,0.0,0.0,0.0,0.055425916981334145,0.0,0.4946285636631656,0.0,0.4477024811533322,0.0,0.0,0.0,0.0,0.0,0.0,0.0,0.0,0.0,0.08758326073622834,0.6157388980908335,0.0,0.09991621572923093,0.0,0.0,0.0,0.0,0.0,0.0,-0.03494435880738469,0.0,0.0,0.0,0.0,0.0,0.0,0.0,0.09991621572923093,0.0,0.0,0.0,0.0,0.0,-0.08077672177567605,0.0,0.0,0.0,0.0,0.0,0.0,0.1274328394410918,0.0022016936793030593,0.4668392893999211,0.0,0.0,0.26040234272128604,0.0,0.0,0.0,-0.11060711705072325,0.17162190965466498,0.0,0.0,0.0,0.0,0.0,0.0,0.0,0.5046625293829791,0.0,0.0,0.0,0.0,0.0,0.0,0.0,0.6926791868130693,0.0,0.0,0.0,0.0,0.0,0.0,0.0,0.0,0.0,0.0,0.0,0.0,0.0,0.10883146159704865,0.0,0.0,0.0,0.0,0.0,0.0,0.0,0.0
391,0.0,0.0,0.0,0.0,0.0,0.0,0.0,0.0,0.0,0.0,0.0,0.0,0.0,0.0,0.0,0.0,0.0,0.0,0.0,0.0,0.0,0.0,0.0,0.0,0.0,0.0,0.0,0.0,1.0000000000462408,0.0,0.0,0.0,0.0,0.0,0.0,0.0,0.0,0.0,0.0,0.0,0.0,0.0,0.0,0.0,0.0,0.0,0.0,0.0,0.0,0.0,0.0,0.0,0.0,0.0,0.0,0.0,0.0,0.0,0.0,0.0,0.0,0.0,0.0,0.0,0.0,0.0,0.0,0.0,0.0,0.0,0.0,0.0,0.0,0.0,0.0,0.0,0.0,0.0,0.0,0.0,0.0,0.0,0.0,0.0,0.09030402772747331,0.0,0.0,0.0,0.0,0.0,0.0,0.0,0.0,0.0,0.0,0.0,0.0,0.0,0.0,0.0,0.0,0.0,0.0,0.0,0.0,0.0,0.0,0.0,0.0,0.0,0.8750439691875943,0.0,0.0,0.0,0.0,0.0,0.0,0.0,0.0,0.0,0.0,0.0,0.0,0.0,0.0,0.0,0.0,0.0,0.0,0.0,0.0,0.0,0.0,0.0,0.0,0.0,0.0,0.0,0.0,0.0
394,0.0,0.32986105926641424,0.0,0.49908791931695146,0.0,0.0,0.0,0.0,0.0,0.0,0.0,0.0,0.25443183110783485,0.0,0.0,0.0,0.0,0.0,0.0,0.0,0.0,0.0,0.0,0.0,0.0,0.0,0.30244354467619394,0.0,0.0,1.0000000000107436,0.0,0.0,0.0,0.0,0.0,0.0,0.0,0.0,0.641887635973421,0.0,0.0,0.0,0.1225127909007772,0.0,0.0,0.0,0.0,0.0,0.0,0.0,0.0,0.0,0.0,0.0,0.0,0.0,0.0,0.0,0.0,0.0,0.0,0.0,0.0,0.0,0.0,0.0,0.0,0.0,0.0,0.0,0.0,0.0,0.0,0.0,0.0,0.0,0.0,0.0,0.0,0.0,0.0,0.0,0.0,0.0,0.0,0.0,0.0,0.0,0.0,0.0,0.0,0.0,0.0,0.0,0.5487712684635534,0.0,0.0,0.0,0.0,0.0,0.16242522798950756,0.014712097916734028,0.0,0.0,0.0,0.0,0.0,0.0,0.0,0.0,0.0,0.0,0.0,0.0,0.0,0.0,0.0,0.0,0.0,0.5800028093003007,0.0,0.0,0.0,0.0,0.0,0.0,0.0,0.0,0.0,0.0,0.0,0.0,0.0,0.0,0.0,0.0,0.0,0.0,0.0,0.0
397,0.0,0.04395494882232245,0.0,0.17888822442416552,0.0,0.0,0.0,0.0,0.0,0.6769933460376858,0.0,0.0,0.0,0.0,0.7736678040123014,0.0,0.0,0.0,0.0,0.0,0.0,0.0,0.0,0.0,0.5737097573621063,0.3678939203606233,0.0,0.0,0.0,0.0,1.00000000001139,0.0,0.0,0.0,0.0,0.8744875171771852,0.0,0.0,0.0,0.4907190148404104,0.0,0.06781185571636017,0.0,0.8441846400215051,0.0,0.0,0.0,0.0,0.0,0.0,0.0,0.0,0.0,0.0,0.0,0.0,0.0,0.2899645931319971,0.0,0.0,0.07363974619366742,0.0,0.0,0.0,0.7276965632786273,0.07968760832705896,0.0,0.6406857415826124,0.0,0.0,0.3820904995129097,0.06218849535781322,0.0,0.29119624397151345,0.0,0.0,0.0,0.0,0.0,0.0,0.0,0.0,0.0,0.0,0.0,0.0,0.0,0.0,0.0,0.0,0.0,0.0,0.19941796586427674,0.0,0.21753428155692417,0.0,0.0,0.6769933460376858,0.0,0.0,0.06250544933119652,0.0,0.0,0.0,0.0,0.0,0.0,0.0,0.0,0.0,0.0,0.0,0.0,0.0,0.6017953835482645,0.0,0.0,0.0,0.0,0.0,0.0,0.0,0.6066028452970148,0.0,0.0,0.0,0.0,0.0,0.0,0.0,0.0,0.0,0.0,0.0,0.0,0.0,0.0,0.0,0.0,0.0
398,0.45496041107528534,0.5169484740977182,0.0,0.0,0.0,0.0,0.0,0.0,0.0,0.0,0.0,0.0,0.0,0.0,0.0,0.0,0.0,0.0,0.0,0.0,0.0,0.0,0.0,0.0,0.0,0.4917122429996939,0.0,0.0,0.0,0.0,0.0,1.000000000013033,0.0,0.0,0.0,0.0,0.0,0.0,0.0,0.0,0.0,0.0,0.0,0.0,0.0,0.0,0.0,0.0,0.0,0.0,0.0,0.0,0.0,0.0,0.0,0.0,0.0,0.0,0.0,0.0,0.10285665283889735,0.0,0.4088595527778044,0.11518960783190056,0.0,0.0,0.0,0.0,0.0,0.0,0.5535815207042015,0.0,0.0,0.0,0.0,0.0,0.0,0.0,0.11518960783190056,0.0,0.0,0.0,0.6310122901935107,0.0,0.0,0.0,0.0,0.0,0.0,0.0,0.0,0.0,0.6124489200631233,0.0,0.0,0.0,0.0,0.0,0.0,0.0,0.0,0.056755794541441335,0.0,0.0,0.0,0.0,0.0,0.0,0.0,0.0,0.0,0.0,0.0,0.0,0.0,0.0,0.0,0.0,0.0,0.0,0.0,0.0,0.0,0.0,0.0,0.0,0.0,0.0,0.0,0.0,0.0,0.0,0.0,0.0,0.0,0.0,0.0,0.0,0.0,0.0
410,0.0,0.0,0.0,0.0,0.0,0.7674793204132379,0.0,0.0,0.0,0.0,0.0,0.0,0.18062505290324782,0.0,0.0,0.2702442961738817,-0.14078711033920363,0.0,0.0,0.0,0.6410059370659782,0.0,0.0,0.0,0.0,0.0,0.0,0.0,0.0,0.0,0.0,0.0,1.0000000000082034,0.0,0.0,0.0,0.0,0.5941518694497409,0.0,0.0,0.0,0.0,0.0,0.0,0.0,0.0,0.0,0.24102738952864078,0.0,0.0,0.0,0.0,0.0,0.0,0.0,0.0,0.5281556373547004,0.21632484693844622,0.0,0.0,0.0,0.0,0.0,0.0,0.0,0.0,0.0,0.0,0.6390559705249392,0.0,0.0,0.0,0.0,0.0,0.0,0.0,0.0,0.0,0.0,0.0,0.6576135646198301,0.0,0.0,0.0,0.02337626856659838,0.5281556373547004,0.0,0.6109508041534882,0.0,0.0,0.0,0.0,0.0,0.0,0.0,0.0,0.0,0.0,0.5941518694497409,0.0,-0.09799942988171795,0.0,0.0,0.0,0.0,0.0,0.0,0.0,0.0,0.0,0.0,0.0,0.0,0.0,0.0,0.0,0.0,0.0,0.0,0.0,0.0,0.0,0.0,0.0,0.0,0.0,0.0,0.0,0.0,0.0,0.0,0.0,0.0,0.694661586383228,0.0,0.4170792686468486,0.0,0.4170792686468486,0.5281556373547004,0.0
414,0.0,0.0,0.0,0.0,0.0,0.0,0.0,0.0,0.7128717522561204,0.0,0.0,0.0,0.0,0.6124930885324844,0.0,0.0,0.0,0.0,0.0,0.0,0.0,0.0,0.0,0.0,0.0,0.0,0.0,0.0,0.0,0.0,0.0,0.0,0.0,1.0000000000332587,0.0,0.0,0.0,0.0,0.0,0.0,0.0,0.0,0.0,0.0,0.0,0.0,0.0,0.0,0.0,0.0,0.0,0.0,0.0,0.0,0.0,0.0,0.0,0.0,0.0,0.0,0.0,0.0,0.0,0.0,0.0,0.0,0.0,0.0,0.0,0.0,0.0,0.558764684563315,0.0,0.0,0.0,0.0,0.0,0.0,0.0,0.0,0.0,0.0,0.0,0.3438840423674369,0.1534494991660292,0.0,0.0,0.0,0.0,0.0,0.0,0.0,0.0,0.0,0.0,0.0,0.0,0.0,0.0,0.0,0.2347541084232623,0.0,0.0,0.0,0.0,0.0,0.0,0.0,0.0,0.0,0.0,0.5660367797831385,0.0,0.0,0.0,0.0,0.0,0.0,0.0,0.0,0.0,0.0,0.0,0.0,0.0,0.0,0.0,0.0,0.7010655103418217,0.0,0.0,0.0,0.0,0.0,0.0,0.0,0.0,0.0,0.0,0.0
416,0.0,0.0,0.0,0.0,0.0,0.0,0.0,0.0,0.0,0.0,0.0,0.0,0.0,0.0,0.0,0.0,0.2993302603267502,0.0,0.0,0.0,0.0,0.0,0.0,0.0,0.0,0.0,0.0,0.0,0.0,0.0,0.0,0.0,0.0,0.0,1.0000000000332587,0.0,0.0,0.0,0.0,0.0,0.0,0.0,0.0,0.0,0.0,0.0,0.0,0.0,0.0,0.0,0.0,0.0,0.0,0.0,0.0,0.0,0.0,0.0,0.0,0.0,0.0,0.0,0.0,0.0,0.0,0.0,0.0,0.0,0.0,0.0,0.0,0.0,0.0,0.0,0.0,0.0,0.0,0.0,0.0,0.0,0.0,0.0,0.0,0.0,0.2444090729964629,0.0,0.0,0.0,0.0,0.0,0.0,0.0,0.0,0.0,0.0,0.0,0.4946285636631656,0.0,0.0,0.0,0.3321252612716736,0.0,0.0,0.0,0.0,0.0,0.0,0.0,0.0,0.0,0.0,0.5660367797831385,0.0,0.0,0.0,0.0,0.0,0.0,0.0,0.0,0.0,0.0,0.0,0.0,0.0,0.0,0.0,0.0,0.0,0.0,0.0,0.0,0.0,0.0,0.0,0.0,0.0,0.0,0.0,0.0
421,0.0,0.14112170541766433,0.0,0.2652620505418009,0.0,0.0,0.0,0.0,0.0,0.5770928409580646,0.0,0.0,0.0,0.0,0.0,0.0,0.0,0.0,0.0,0.0,0.0,0.0,0.0,0.0,0.2542059893668768,0.28360119802495976,0.0,0.0,0.0,0.0,0.8744875171771852,0.0,0.0,0.0,0.0,1.0000000000170688,0.0,0.0,0.0,0.5770928409580646,0.0,0.1541856818339737,0.0,0.4010409618398418,0.0,0.0,0.0,0.0,0.0,0.0,0.0,0.0,0.0,0.0,0.0,0.0,0.0,0.3763384192496434,0.0,0.0,0.16001357231128252,0.0,0.0,0.0,0.0,0.1660614344446756,0.0,0.3039081076745642,0.0,0.0,0.16712607949527114,0.14856232147542517,0.0,0.38836300056689926,0.0,0.0,0.0,0.0,0.0,0.0,0.0,0.0,0.0,0.0,0.0,0.0,0.0,0.0,0.0,0.0,0.0,0.0,0.3042471704256671,0.0,0.3039081076745642,0.0,0.0,0.7741601026330848,0.0,0.0,0.08200880330143402,0.0,0.0,0.0,0.0,0.0,0.0,0.0,0.0,0.0,0.0,0.0,0.0,0.0,0.6881692096659202,0.0,0.0,0.0,0.0,0.0,0.0,0.0,0.0,0.0,0.0,0.0,0.0,0.0,0.0,0.0,0.0,0.0,0.0,0.0,0.0,0.0,0.0,0.0,0.0,0.0
422,0.0,0.0,0.0,0.0,0.0,0.0,0.0,0.0,0.0,0.0,0.0,0.0,0.0,0.0,0.0,0.0,0.0,0.0,0.0,0.0,0.0,0.0,0.0,0.0,0.0,0.0,0.0,0.0,0.0,0.0,0.0,0.0,0.0,0.0,0.0,0.0,1.000000000082208,0.0,0.0,0.0,0.0,0.0,0.0,0.0,0.0,0.0,0.0,0.0,0.0,0.0,0.0,0.0,0.0,0.0,0.0,0.0,0.0,0.0,0.0,0.0,0.0,0.0,0.0,0.0,0.0,0.0,0.0,0.0,0.6881692096659202,0.0,0.0,0.0,0.0,0.0,0.0,0.0,0.0,0.0,0.0,0.0,0.5770928409580646,0.0,0.0,0.0,0.0,0.0,0.0,0.5459794704478224,0.0,0.0,0.0,0.0,0.0,0.6881692096659202,0.0,0.0,0.0,0.0,0.0,0.0,0.0,0.42574350443004044,0.0,0.0,0.0,0.0,0.0,0.0,0.0,0.0,0.0,0.0,0.0,0.0,0.0,0.0,0.0,0.0,0.0,0.0,0.0,0.0,0.0,0.0,0.0,0.0,0.0,0.0,0.0,0.0,0.0,0.0,0.0,0.0,0.0,0.0,0.0,0.0,0.0,0.0
426,0.0,0.0,0.0,0.0,0.0,0.0,0.0,0.0,0.0,0.0,0.0,0.0,0.0,0.0,0.0,0.0,0.0,0.0,0.0,0.0,0.0,0.0,0.0,0.0,0.0,0.0,0.0,0.0,0.0,0.0,0.0,0.0,0.5941518694497409,0.0,0.0,0.0,0.0,1.0000000000462408,0.0,0.0,0.0,0.0,0.0,0.0,0.0,0.0,0.0,0.0,0.0,0.0,0.0,0.0,0.0,0.0,0.0,0.0,0.0,0.0,0.0,0.0,0.0,0.0,0.0,0.0,0.0,0.0,0.0,0.0,0.7741601026330848,0.0,0.0,0.0,0.0,0.0,0.0,0.0,0.0,0.0,0.0,0.0,0.6492040717744401,0.0,0.0,0.0,0.0,0.0,0.0,0.6142028979800421,0.0,0.0,0.0,0.0,0.0,0.0,0.0,0.0,0.0,0.0,1.0000000000462408,0.0,0.0,0.0,0.0,0.0,0.0,0.0,0.0,0.0,0.0,0.0,0.0,0.0,0.0,0.0,0.0,0.0,0.0,0.0,0.0,0.0,0.0,0.0,0.0,0.0,0.0,0.0,0.0,0.0,0.0,0.0,0.0,0.0,0.0,0.6769933460376858,0.0,0.0,0.0,0.0,0.0,0.0
430,0.0,0.36691221197462665,0.2249890827216365,0.6266201751478742,0.0,0.0,0.5242480409157977,0.0,0.0,0.0,0.20503675753445877,0.0,0.3748285084913225,0.0,0.0,0.0,0.0,0.4010409618398418,0.0,0.0,0.0,0.0,0.0,0.0,0.2542059893668768,-0.001554321848770069,0.579793079079796,0.3039081076745642,0.0,0.641887635973421,0.0,0.0,0.0,0.0,0.0,0.0,0.0,0.0,1.0000000000170688,0.0,0.0,0.1541856818339737,0.0,0.0,0.0,0.0,0.12785622855638085,0.0,0.0,0.0,0.0,0.0,0.0,0.0,0.0,0.0,0.0,0.0,0.0,0.0,0.16001357231128252,0.0,0.0,0.1723465273042876,0.0,0.0,0.0,0.0,0.0,0.0,0.03748595276763078,0.0,0.0,0.0,0.0,0.0,0.0,0.0,0.1723465273042876,0.0,0.0,0.0,0.0,0.0,0.0,0.0,0.0,0.0,0.0,0.0,0.0,0.0,0.07463200525433349,0.0,0.6763035242944779,0.0,0.0,0.0,0.0,0.0,0.3492233232233764,0.11391271401381808,0.0,0.0,0.0,0.0,0.0,0.0,0.0,0.0,0.0,0.0,0.0,0.0,0.0,0.0,0.0,0.0,0.0,0.8011774665577401,0.0,0.0,0.0,0.0,0.0,0.0,0.0,0.0,0.0,0.0,0.0,0.0,0.0,0.0,0.0,0.0,0.0,0.0,0.0,0.0
436,0.0,0.0,0.0,0.0,0.0,0.0,0.0,0.0,0.0,0.7778472626664934,0.0,0.0,0.0,0.0,0.0,0.0,0.0,0.0,0.0,0.0,0.0,0.0,0.0,0.0,0.0,0.19920009985954643,0.0,0.0,0.0,0.0,0.4907190148404104,0.0,0.0,0.0,0.0,0.5770928409580646,0.0,0.0,0.0,1.0000000000462408,0.0,0.0,0.0,0.6017953835482645,0.0,0.0,0.0,0.0,0.0,0.0,0.0,0.0,0.0,0.0,0.0,0.0,0.0,0.0,0.0,0.0,0.0,0.0,0.0,0.0,0.0,0.0,0.0,0.0,0.0,0.0,0.23824037447597224,0.3493167431838119,0.0,0.0,0.0,0.0,0.0,0.0,0.0,0.0,0.0,0.0,0.0,0.0,0.0,0.0,0.0,0.0,0.0,0.0,0.0,0.0,0.0,0.0,0.0,0.6310122901935107,0.0,0.0,0.0,0.0,0.3078487007145102,0.3146671357221939,0.0,0.0,0.0,0.0,0.0,0.0,0.0,0.0,0.0,0.0,0.0,0.0,0.0,0.0,0.0,0.0,0.0,0.0,0.0,0.0,0.0,0.0,0.0,0.0,0.0,0.8889236313743507,0.0,0.0,0.0,0.0,0.0,0.0,0.0,0.0,0.0,0.0,0.0,0.0
437,0.0,0.10404810313253769,0.3146671357221939,0.0,0.0,0.0,0.0,0.0,0.0,0.0,0.0,0.0,0.0,0.0,0.0,0.0,0.0,0.0,0.0,0.0,0.0,0.0,0.0,0.0,0.7276965632786273,0.22409135367543048,0.0,0.0,0.0,0.0,0.0,0.0,0.0,0.0,0.0,0.0,0.0,0.0,0.0,0.0,1.000000000026423,0.0,0.0,0.0,0.0,0.0,0.0,0.0,0.0,0.0,0.0,0.0,0.0,0.0,0.0,0.6667708939586369,0.0,0.0,0.0,0.6017953835482645,0.24969162531183145,0.0,0.5556945252507816,0.2620245803048384,0.5199359214856559,0.0,0.7778472626664934,0.5677231559544259,0.0,0.7778472626664934,0.4490814070561479,0.0,0.0,0.0,0.0,0.0,0.0,0.0,0.2620245803048384,0.0,0.0,0.0,0.0,0.0,0.0,0.0,0.0,0.0,0.0,0.0,0.8750439691875943,0.0,0.1643100582548646,0.0,0.0,0.0,0.0,0.0,0.0,0.7778472626664934,0.051501247524735595,0.0,0.0,0.888097667529408,0.0,0.0,0.0,0.0,0.0,0.0,0.0,0.0,0.0,0.0,0.0,0.0,0.5556945252507816,0.0,0.0,0.0,0.0,0.0,0.8329350413111326,0.0,0.0,0.5001758766116626,0.0,0.0,0.0,0.0,0.0,0.0,0.0,0.0,0.0,0.0,0.0,0.0,0.0,0.0
438,0.0,0.22275336949567884,0.45725256420629995,0.5157744615175827,0.0,0.0,0.1327873661266989,0.0,0.0,0.0,0.1910037258995722,0.0,-0.08936537128880684,0.36164604441980874,0.0,0.0,0.0,0.17888822442416552,0.0,0.3727783165883337,0.0,0.0,0.0,0.0,0.0,0.1642573901366027,0.5431764875030481,0.3907040909815438,0.0,0.0,0.06781185571636017,0.0,0.0,0.0,0.0,0.1541856818339737,0.0,0.0,0.1541856818339737,0.0,0.0,1.000000000006319,0.0,0.0,0.0,0.1541856818339737,0.01887660453286414,0.0,0.326197417765906,0.0,0.4632496096434814,0.0,0.0,0.0,0.4660164722502111,0.0,0.0,0.0,0.0,0.0,0.36283463690174267,0.4660164722502111,0.0,0.3807560359123212,0.0,-0.05609130297086946,0.0,0.0,0.0,0.0,0.18478595668651676,0.0,0.0,0.13845093884966764,0.0,0.4660164722502111,0.0,0.0,0.3807560359123212,0.0,0.0,0.0,0.0,0.0,-0.14199496390206548,0.0,0.0,0.0,0.0,0.11391271401381808,0.0,0.0,0.27851901702314585,0.2984081435026645,0.5174614044175064,0.0,0.0919711968240742,0.354940103542362,0.0,0.0,0.07483805843422803,0.0031907637574950347,0.0,0.0,0.0,0.0,0.0,0.0,0.0,0.354940103542362,0.0,0.0,0.0,0.0,0.4660164722502111,0.0,0.0,0.0,0.0,0.0,0.5242480409157977,0.4660164722502111,0.0,0.39929201005716036,0.0,0.0,0.4660164722502111,0.0,0.1541856818339737,0.0,0.0,0.0,0.0,0.0,0.0,0.0,0.0,0.0,0.0,0.39929201005716036
439,0.0,-0.17308937756238887,0.06384777335294432,0.0,0.0,0.0,0.0,0.0,0.0,0.0,0.2860580937926654,0.5183466521235275,0.0,0.0,0.0,0.0,0.0,0.0,0.0,0.0,0.0,0.0,0.0,0.0,0.0,0.07853541278106049,0.0,0.15262820641954322,0.0,0.1225127909007772,0.0,0.0,0.0,0.0,0.0,0.0,0.0,0.0,0.0,0.0,0.0,0.0,1.0000000000050573,0.0,0.0,0.0970287623615895,0.3780947969736373,0.0,0.0,0.0,0.0,0.0,0.0,0.0,0.0,0.0,0.0,0.0,0.0,0.23280767365959787,-0.009246818938256646,0.0,0.18670681536212622,0.004627213158853282,0.0,0.0,0.0,0.0,0.0,0.0,-0.07982520177045478,0.0,0.0,-0.045160976856386516,0.0,0.0,0.49622001966951235,0.0,0.004627213158853282,0.0,0.0,0.2825513739808857,0.0,0.0,0.0,0.0,0.0,0.0,0.0,0.0,0.0,0.43122221348437645,-0.1052973277190986,0.0,0.0,0.0,0.23101474629332408,0.0,0.0,0.0,0.0,0.12466758142559353,0.0,0.0,0.0,0.0,0.0,0.0,0.0,0.0,0.0,0.0,0.0,0.0,0.0,0.0,0.18670681536212622,0.0,0.5256296093233264,0.0,0.0,0.0,0.0,0.0,0.4599490196526547,0.0,0.0,0.0,0.0,0.0,0.0970287623615895,0.4507420143691903,0.0,0.0,0.0,0.0,0.0,0.0,0.0,0.0
